-55.20914 33.35168 0 2.364597 56.3
-57.54641 31.30979 0 2.501611 56.3
-59.76004 29.49217 0 2.640641 56.3
-61.87499 27.86883 0 2.781052 56.3
-63.90997 26.41399 0 2.922308 56.3
-65.87926 25.10566 0 3.06395 56.3
-67.794 23.9251 0 3.205587 56.3
-69.66291 22.85637 0 3.346873 56.3
-71.493 21.88588 0 3.487507 56.3
-73.28991 21.00201 0 3.627224 56.3
-75.05827 20.19484 0 3.765783 56.3
-76.80187 19.45582 0 3.902966 56.3
-78.52389 18.77759 0 4.038578 56.3
-80.22698 18.15378 0 4.172437 56.3
-81.91338 17.57887 0 4.304375 56.3
-83.58498 17.04804 0 4.434236 56.3
-85.24347 16.55708 0 4.561877 56.3
-86.89022 16.10231 0 4.687161 56.3
-88.52648 15.68048 0 4.809962 56.3
269.8467 15.28873 0 4.930157 56.3
268.2285 14.92453 0 5.047632 56.3
266.6178 14.58564 0 5.162279 56.3
265.0142 14.27005 0 5.273994 56.3
263.4169 13.976 0 5.38268 56.3
