-64.19234 26.76108 0 2.956488 56.3
-73.79519 21.82833 0 3.693098 56.3
-82.63222 18.88295 0 4.397064 56.3
268.913 17.03319 0 5.043524 56.3
260.6725 15.83769 0 5.615222 56.3
252.5606 15.05841 0 6.09905 56.3
244.5286 14.5585 0 6.484815 56.3
236.5461 14.25657 0 6.764774 56.3
228.592 14.10467 0 6.93346 56.3
220.6507 14.07737 0 6.987632 56.3
212.7084 14.1667 0 6.926256 56.3
204.7515 14.38069 0 6.750504 56.3
196.7639 14.74504 0 6.463757 56.3
188.7245 15.30847 0 6.071618 56.3
180.602 16.1542 0 5.581977 56.3
172.3459 17.42283 0 5.005194 56.3
163.8669 19.36048 0 4.354584 56.3
154.988 22.42625 0 3.647741 56.3
145.2987 27.5538 0 2.910228 56.3
133.5845 36.81535 0 2.187058 56.3
114.165 54.50105 0 1.580939 56.3
33.14223 73.54757 0 1.331901 56.3
-35.37435 51.8689 0 1.629904 56.3
-53.18842 35.22523 0 2.255419 56.3
